Volume=0.01||0.01||0.001000||1.000000||N
RunId=__RUN_ID__
Magic=900001||900001||1||9000010||N

